DataTraining=[
   17.6300    5.3600   12.9700   23.5100    5.4700    7.2900   10.7000    9.3600    5.4700   14.5500   10.3000   11.5600   12.7200   21.3600
    9.3600    3.5200    6.6300    9.1800    6.1400    9.0100    8.3400   10.5000    6.0200    8.0300    5.5700    8.5000    4.2600   12.7200
   13.7400    3.8700    7.7200    7.4300    7.1500    6.7500    4.8700   12.2400    4.4300    7.7200    4.9700    8.0300    5.7900    8.0300
    7.5800    4.2600    8.1800    7.2900    5.7900    7.1500    6.2500   14.8300    5.0600   11.1200    5.9000    8.3400   10.1000    6.5000
   11.7800    5.6800    8.1800   10.5000    5.1600    8.5000    5.6800   11.1200    3.2000   13.2200    5.5700    7.2900    6.1400    9.5400
    7.4300    4.9700    8.3400    9.3600    5.4400    7.8300    5.9700   12.0100    4.1300   12.0100    9.3600   12.2400    8.0300    6.8800
   12.7200    4.2600    8.3400    7.7200    8.6700   12.2400    3.9500   15.1200    4.3600    7.6700    7.8400    8.6000    4.3600   11.2100
    5.6800    5.9000    6.5000    7.8700    8.0300    9.1800    3.8000   11.3400    5.6800   11.7400    8.1200    7.2400    6.9900   11.3400
    6.0200    4.0200    6.0200    9.1800    8.6700    5.3600    5.4700    6.6300    5.6800    8.9000    5.4300    6.3800    6.1600    8.2100
   11.3400    5.2600    9.1800    8.6700    4.7800    5.9000    6.1400    8.8300    7.8400   10.9500    5.0600    7.5800    7.2400   11.3400
   10.5000    3.5900    8.1800    8.6700    9.9100    5.2600    6.2500   13.2200    5.0600   12.2900    5.1800    8.2100   11.3400    7.6700
    8.6700    6.5000    8.3400   10.7000    5.4700   10.9100    3.8000   11.5600    5.8800   10.4600    5.9500    7.4100    9.4300    8.8000
    8.0300    4.5100   10.3000   11.7800    5.5700    4.4300    6.1400   10.1000    5.0100    9.4300    6.9100    7.8400    9.9900   13.7900
    8.3500    5.6800    4.7800    8.6700    2.9600    7.4300    6.8800   10.9100    5.0100   10.2200    7.9300    4.8900    7.2400    9.9900
    6.3800    4.3400    4.6900    8.6700    8.0300    7.2900    4.7800   14.2700    6.9100   11.6000    7.0700    5.2400    5.5500    9.8700
    8.1800    5.3600    9.1800    7.4300    6.0200    4.5100    5.7900   12.0100    5.8100    7.1500    4.5700    8.1200    6.3000    9.3200
    5.7900    3.2600    6.8800    6.3800    7.7200    3.9500    7.8700   11.5600    5.6200    8.6000    4.2600    6.0200    6.6000    8.2100
    6.8800    3.8000    7.0200    8.3400    6.3800    6.6300    5.9000    9.7200    5.6800    7.7500    6.9100    7.4900    4.3600   10.9500
    6.0200    3.3800   10.3000    7.4300    7.1500    6.8800    4.9700    9.9100    5.6200    6.6800    5.9500    6.6800    3.9800    7.7500
    8.6700    4.5100    5.4700    7.0200    5.7900    6.0200    3.0800   12.0100    8.0300    6.9100    4.7800    7.4900    4.1200    9.4300
    7.4300    6.1400    8.1800   10.9100    5.5700    7.0200    5.4700    9.1800    6.2300   10.4600    6.9100    3.6300    5.8100    8.5000
    5.6800    5.5700    5.9000   10.1000    8.1800    6.2500    4.4300   11.1200    3.9800    9.3200    9.3200    5.9500    6.6000   10.2200
    8.1800    3.3800    7.7200   10.3000    7.2900    5.4700    3.3800   12.2400    6.1600   12.1500    5.1800    8.9000    5.1200    8.8000
    8.0300    3.3800    5.7900    8.0300    5.1600    6.3800    6.0200    8.3400    6.9100    9.9900    5.6800    6.8300    6.3000   10.4600
    7.8700    4.7800   11.1200    9.1800    3.3800   11.5600    4.2600   10.9100    8.8000    8.2100    8.1200    7.0700    5.0100   12.1500
   10.9100    3.9500   10.1000    7.8700    4.6900    3.7300    4.9700    9.1800    6.6000   11.4700    4.8900    8.4000    8.5000   12.5800
    7.4300    3.9500    8.6700    5.4700    3.5900    3.8000    7.0200   10.1000    5.8100   12.7200    7.3200    7.4900    4.3100   11.2100
    8.5000    3.0800   11.1200    9.9100    6.7500    8.1800    5.2600   10.9100    8.3100   12.5800    5.7500    6.3800    7.2400   12.5800
    7.8700    3.2000   10.1000    7.2900    5.0600    2.6900    8.8300   13.7400    7.5800    8.6000    7.6700    5.3000    7.9300    9.0100
    6.5000    3.0800    6.3800    5.4700    4.5100    4.6900    8.1800   11.5600    5.8100    8.1200    4.7300    4.5100    7.4900   11.6000
    6.3800    5.1600    9.0100    9.3600    6.2500    7.1500    4.6900   13.4800    4.3600    9.6500    4.4100    5.0600    6.1600   11.2100
    6.1400    3.4500    4.8700    5.6800    6.0200    5.3600    4.9700   15.1200    4.9500    7.9300    6.3800    8.0300    6.8300    9.6500
    8.8300    4.1800    4.8700    8.8300    5.1600   11.1200    4.1000    9.7200    5.1200    8.1200    4.7800    9.0100    6.6800   10.7000
    6.2500    3.4500    3.8700    5.9000    3.3800    6.5000    4.7800   14.2700    5.0600    8.5000    4.3600    7.7500    6.0900   11.4700
    5.7900    3.3200    5.5700    6.0200    4.0200    5.0600    4.7800    9.0100    5.6200   10.4600    6.0900    6.5200    8.1200   11.2100
    5.2600    3.8000    6.2500    7.1500    3.0200    9.0100    3.1300    6.8800    7.7500    7.4100    6.4500    5.3000    6.0900   11.7400
    4.7800    3.9500    7.1500    8.8300    5.4700    6.3800    4.1800    9.7200    6.3000    9.9900   10.9500    6.6800    7.1500    6.7500
    5.3600    5.2600    4.8700    8.6700    4.3400    6.5000    9.3600   11.3400    4.6200   10.8300    5.0100    5.9900    5.8800    6.0200
    7.7200    2.3100    8.1800    9.0100    4.8700    7.1500    4.8700   13.2200    5.4300    7.6700    7.3200    6.9100    5.6200    9.6500
    6.8800    3.2600    5.7900    6.7500    5.9000    6.6300    8.1800    9.9100    6.5200   11.7400    7.2400    7.3200    7.2400    9.0100
    4.6000    2.6400    4.6000    7.0200    4.5100    8.8300    5.1600   14.0000    6.2300    8.9000    5.6200    6.9900    6.8300   10.2200
    5.4700    3.3200    4.9700    6.6300    5.3600    9.1800    6.1400    8.0300    5.6800   10.9500    8.1200    8.7000    4.2100   11.3400
    5.3600    2.7900    8.1800    7.4300    7.1500    4.8700    5.1600   10.5000    7.1500   12.2900    5.8100    6.2300    4.0700   10.2200
    6.2500    3.6500    3.9500    6.6300    4.5100    5.3600    4.3400    7.5800    5.3000   10.4600    5.6200    6.3000    8.3100    7.8400
    5.7900    3.2000    7.4300    6.8800    6.3800    6.5000    6.8800    6.7500    6.2300    9.4300    8.4000    6.8300    5.8800    9.1100
    6.0200    3.5900    8.0300    5.6800    4.7800    6.3800    6.1400   10.3000    7.2400   10.2200    9.6500    3.3500    7.3200   10.5800
    5.9000    3.5900    4.7800    5.3600    6.3800    7.5800    3.8700    8.6700    4.9700    7.2900    6.2500    7.8700    6.3800   12.0100
    5.2600    2.3100    4.4300    7.5800    5.6800    5.6800    4.8700   11.5600    6.2500    7.7200    7.5800    8.0300    8.8300   10.9100
    6.5000    3.2000    6.6300    6.7500    5.6800    6.6300    5.4700   11.1200    6.6300    4.7800    6.7500    8.0300    6.5000    8.3400
   10.5000    3.0200    4.5100    5.5700    5.1600    7.1500    3.0800   16.3300    5.4700    6.8800    4.6900    8.6700    3.6500    7.2900
    6.8800    3.6500    6.2500    4.6900    3.5900    4.6900    3.4500   11.7800    4.6900    9.9100    4.9700    7.1500    7.5800    6.0200];
